0 0.15099897540983606 0.391375 0.011526639344262296 0.01125
0 0.20555840163934427 0.442125 0.006403688524590164 0.00625
0 0.2073514344262295 0.433875 0.011526639344262296 0.01125
0 0.2149077868852459 0.4395 0.010758196721311475 0.013
0 0.23552766393442623 0.452125 0.01408811475409836 0.01375
0 0.27061987704918034 0.465625 0.01408811475409836 0.01375
0 0.29764344262295084 0.47525 0.015368852459016393 0.015
0 0.23501536885245902 0.5433749999999999 0.01408811475409836 0.01375
0 0.23501536885245902 0.5696249999999999 0.01408811475409836 0.01375
0 0.39600409836065575 0.6762499999999999 0.015368852459016393 0.015
0 0.4551741803278689 0.6842499999999999 0.015368852459016393 0.015
0 0.45863217213114754 0.627375 0.01408811475409836 0.01375
0 0.4432633196721311 0.611375 0.01408811475409836 0.01375
0 0.41303790983606553 0.620625 0.01408811475409836 0.01375
0 0.44044569672131145 0.592375 0.01408811475409836 0.01375
0 0.4811731557377049 0.6008749999999999 0.01408811475409836 0.01375
0 0.4961577868852459 0.6054999999999999 0.012807377049180328 0.0125
0 0.48245389344262296 0.6378750000000001 0.012038934426229508 0.01025
0 0.4848872950819672 0.64375 0.012295081967213115 0.0095
0 0.5035860655737705 0.639 0.012807377049180328 0.0125
0 0.5122950819672131 0.626 0.012807377049180328 0.0125
0 0.5193391393442623 0.6078749999999999 0.011526639344262296 0.01125
0 0.517546106557377 0.5908749999999999 0.01408811475409836 0.01375
0 0.5372694672131147 0.568125 0.01408811475409836 0.01375
0 0.563140368852459 0.586625 0.01408811475409836 0.01375
0 0.48014856557377045 0.5396249999999999 0.01408811475409836 0.01375
0 0.5277920081967213 0.507625 0.01408811475409836 0.01375
0 0.5772284836065573 0.5313749999999999 0.01408811475409836 0.01375
0 0.4413422131147541 0.51825 0.012807377049180328 0.0125
0 0.43570696721311475 0.503 0.012807377049180328 0.0125
0 0.4030481557377049 0.486375 0.01408811475409836 0.01375
0 0.4454405737704918 0.45125 0.012807377049180328 0.0125
0 0.49474897540983603 0.688375 0.01408811475409836 0.01375
0 0.5330430327868853 0.7234999999999999 0.015368852459016393 0.015
0 0.49359631147540983 0.662875 0.010758196721311475 0.01375
0 0.5016649590163934 0.665 0.011526639344262296 0.0135
0 0.5331711065573771 0.622 0.009477459016393443 0.0125
0 0.5395747950819673 0.623625 0.011526639344262296 0.01125
0 0.5251024590163934 0.633 0.012807377049180328 0.0125
0 0.5379098360655737 0.63425 0.012807377049180328 0.0125
0 0.5452100409836066 0.6433749999999999 0.01408811475409836 0.01375
0 0.5773565573770492 0.65825 0.015368852459016393 0.015
0 0.5847848360655737 0.6445 0.015368852459016393 0.015
0 0.6882684426229507 0.846 0.015368852459016393 0.015
0 0.7470543032786885 0.7078749999999999 0.012038934426229508 0.01375
0 0.7575563524590164 0.70725 0.011526639344262296 0.014
0 0.6270491803278688 0.498 0.015368852459016393 0.015
0 0.6538165983606558 0.46537500000000004 0.01408811475409836 0.01375
0 0.6971055327868853 0.463625 0.006403688524590164 0.00625
0 0.6915983606557377 0.46699999999999997 0.012807377049180328 0.0125
0 0.6971055327868853 0.482375 0.011526639344262296 0.01125
0 0.6343493852459017 0.443375 0.01408811475409836 0.01375
0 0.6889088114754098 0.445375 0.01408811475409836 0.01375
0 0.6814805327868853 0.421625 0.01408811475409836 0.01375
0 0.673155737704918 0.40925 0.012807377049180328 0.0125
0 0.7114497950819672 0.395625 0.01408811475409836 0.01375
0 0.6554815573770492 0.426625 0.010758196721311475 0.01225
0 0.6465163934426229 0.429 0.012807377049180328 0.0125
0 0.6292264344262295 0.384625 0.01408811475409836 0.01375
0 0.6038678278688524 0.357375 0.01408811475409836 0.01375
0 0.6045081967213115 0.32699999999999996 0.012807377049180328 0.0125
0 0.5052510245901639 0.388625 0.01408811475409836 0.01375
0 0.5420081967213115 0.3115 0.012807377049180328 0.0125
0 0.5215163934426229 0.30074999999999996 0.012807377049180328 0.0125
0 0.5075563524590164 0.301625 0.011526639344262296 0.01125
0 0.48629610655737704 0.296125 0.01408811475409836 0.01375
0 0.49602971311475413 0.307375 0.011526639344262296 0.01125
0 0.4838627049180328 0.31525 0.012807377049180328 0.0125
0 0.4521004098360656 0.316 0.012807377049180328 0.0125
0 0.44390368852459017 0.32249999999999995 0.012807377049180328 0.0125
0 0.42469262295081966 0.31475 0.012807377049180328 0.0125
0 0.3237704918032787 0.19225 0.012807377049180328 0.0125
0 0.3103227459016394 0.193125 0.011526639344262296 0.01125
0 0.34976946721311475 0.855625 0.01408811475409836 0.01375
0 0.3651383196721312 0.876125 0.011526639344262296 0.00825
