1 0.06196757350920583 0.540375 0.011266831547128332 0.01025
1 0.1042868920032976 0.472125 0.010167628469359714 0.00925
1 0.09082165430063203 0.421375 0.010167628469359714 0.00925
1 0.147705413575158 0.379375 0.010167628469359714 0.00925
1 0.12627095355866996 0.5783750000000001 0.011266831547128332 0.01025
1 0.11775212970596317 0.621375 0.010167628469359714 0.00925
1 0.16749106897499313 0.602875 0.011266831547128332 0.01025
1 0.19689475130530365 0.570125 0.011266831547128332 0.01025
1 0.2098103874690849 0.598375 0.010167628469359714 0.00925
1 0.16859027205276175 0.641375 0.010167628469359714 0.00925
1 0.1597966474306128 0.6608750000000001 0.011266831547128332 0.01025
1 0.11555372355042594 0.665875 0.011266831547128332 0.01025
1 0.10016488046166529 0.706625 0.010167628469359714 0.00925
1 0.07405880736466061 0.705875 0.010167628469359714 0.00925
1 0.07804341852157186 0.7175 0.008793624622148942 0.0085
1 0.06595218466611706 0.7102499999999999 0.007694421544380325 0.007
1 0.11775212970596317 0.7408750000000001 0.011266831547128332 0.01025
1 0.15155262434734817 0.748125 0.011266831547128332 0.01025
1 0.22052761747732894 0.638625 0.010167628469359714 0.00925
1 0.23371805441055235 0.6741250000000001 0.011266831547128332 0.01025
1 0.23948887056883758 0.824875 0.011266831547128332 0.01025
1 0.28785380599065674 0.845375 0.01236603462489695 0.01125
1 0.3704314372080242 0.7577499999999999 0.00934322616103325 0.0085
1 0.4477878538059907 0.845125 0.011266831547128332 0.01025
1 0.5093432261610332 0.855375 0.011266831547128332 0.01025
1 0.583539433910415 0.802375 0.010167628469359714 0.00925
1 0.5717230008244023 0.764375 0.010167628469359714 0.00925
1 0.5607309700467161 0.753125 0.011266831547128332 0.01025
1 0.7036273701566365 0.765125 0.011266831547128332 0.01025
1 0.7415498763396537 0.7206250000000001 0.011266831547128332 0.01025
1 0.25295410827150316 0.571125 0.011266831547128332 0.01025
1 0.4211321791701017 0.5853750000000001 0.011266831547128332 0.01025
1 0.4453146468810113 0.5943750000000001 0.011266831547128332 0.01025
1 0.44394064303380054 0.6168750000000001 0.011266831547128332 0.01025
1 0.4683979115141522 0.613625 0.010167628469359714 0.00925
1 0.46784830997526794 0.626125 0.011266831547128332 0.01025
1 0.4387194284143996 0.6288750000000001 0.011266831547128332 0.01025
1 0.503572410002748 0.615125 0.011266831547128332 0.01025
1 0.5305028854080791 0.608125 0.010167628469359714 0.00925
1 0.5153888430887607 0.530625 0.010167628469359714 0.00925
1 0.5283044792525419 0.525875 0.010167628469359714 0.00925
1 0.5615553723550426 0.517625 0.011266831547128332 0.01025
1 0.537372904644133 0.502625 0.011266831547128332 0.01025
1 0.5041220115416323 0.503125 0.011266831547128332 0.01025
1 0.6217367408628744 0.545625 0.010167628469359714 0.00925
1 0.6610332508931025 0.553125 0.010167628469359714 0.00925
1 0.8190436933223413 0.569625 0.011266831547128332 0.01025
1 0.7871668040670514 0.401625 0.010167628469359714 0.00925
1 0.7374278647980215 0.390625 0.010167628469359714 0.00925
1 0.8338829348722177 0.358875 0.011266831547128332 0.01025
1 0.8080516625446551 0.34425 0.011266831547128332 0.009
1 0.8069524594668864 0.3365 0.011266831547128332 0.009
1 0.761610332508931 0.282125 0.011266831547128332 0.01025
1 0.6821929101401484 0.298625 0.011266831547128332 0.01025
1 0.6569112393514702 0.316125 0.010167628469359714 0.00925
1 0.6052486946963451 0.18512499999999998 0.011266831547128332 0.01025
1 0.5524869469634515 0.175125 0.011266831547128332 0.01025
1 0.4722451222863424 0.14812499999999998 0.011266831547128332 0.01025
1 0.5261060730970047 0.302875 0.01236603462489695 0.01125
1 0.5464413300357241 0.324625 0.010167628469359714 0.00925
1 0.5511129431162407 0.330625 0.011266831547128332 0.01025
1 0.5511129431162408 0.35912499999999997 0.01236603462489695 0.01125
1 0.5527617477328937 0.404625 0.010167628469359714 0.00925
1 0.5398461115691124 0.422875 0.010167628469359714 0.00925
1 0.4983511953833471 0.377875 0.011266831547128332 0.01025
1 0.4813135476779335 0.412375 0.011266831547128332 0.01025
1 0.38211046990931574 0.463125 0.010167628469359714 0.00925
1 0.28153338829348723 0.440375 0.010167628469359714 0.00925
1 0.25185490519373455 0.334125 0.010167628469359714 0.00925
1 0.2540533113492718 0.320625 0.010167628469359714 0.00925
1 0.24278647980214343 0.298625 0.010167628469359714 0.00925
1 0.300769442154438 0.306875 0.010167628469359714 0.00925
1 0.30667765869744434 0.30224999999999996 0.00934322616103325 0.0085
1 0.3021434460016488 0.26387499999999997 0.010167628469359714 0.00925
1 0.3337455344874966 0.234375 0.011266831547128332 0.01025
