0 0.5865675403225806 0.92475 0.01033266129032258 0.0065
0 0.512726814516129 0.9153749999999999 0.013860887096774193 0.01375
0 0.5042842741935484 0.6789999999999999 0.012600806451612902 0.0125
0 0.48324092741935487 0.673625 0.011340725806451613 0.01125
0 0.4632056451612903 0.662 0.012600806451612902 0.0125
0 0.4938256048387097 0.642625 0.01033266129032258 0.01025
0 0.506930443548387 0.641125 0.011340725806451613 0.01125
0 0.5289818548387097 0.6224999999999999 0.012600806451612902 0.0125
0 0.5582157258064516 0.646 0.012600806451612902 0.0125
0 0.5601058467741935 0.613125 0.011340725806451613 0.01125
0 0.5860635080645161 0.616125 0.011340725806451613 0.01125
0 0.5948840725806451 0.626625 0.011340725806451613 0.01125
0 0.6101310483870969 0.6315 0.012600806451612902 0.0125
0 0.5889616935483871 0.655 0.012600806451612902 0.0125
0 0.5853074596774194 0.698125 0.013860887096774193 0.01375
0 0.7594506048387097 0.677875 0.013860887096774193 0.01375
0 0.5034022177419355 0.622125 0.011340725806451613 0.01125
0 0.48828125 0.619875 0.009324596774193549 0.00925
0 0.4867691532258065 0.6318750000000001 0.01033266129032258 0.01025
0 0.4744203629032258 0.614375 0.011340725806451613 0.01125
0 0.518523185483871 0.604875 0.0078125 0.01025
0 0.5112147177419355 0.6056250000000001 0.008820564516129033 0.01025
0 0.506804435483871 0.5902499999999999 0.012600806451612902 0.0125
0 0.4613155241935484 0.593125 0.011340725806451613 0.01125
0 0.6399949596774193 0.557375 0.011340725806451613 0.01125
0 0.6155493951612903 0.561375 0.01033266129032258 0.00925
0 0.6107610887096774 0.5553750000000001 0.01033266129032258 0.01025
0 0.6140372983870968 0.569875 0.011340725806451613 0.00875
0 0.6000504032258065 0.571 0.012600806451612902 0.0125
0 0.674773185483871 0.576375 0.0078125 0.00775
0 0.6798135080645161 0.574125 0.009324596774193549 0.00925
0 0.6871219758064516 0.571125 0.01033266129032258 0.01025
0 0.677797379032258 0.5836250000000001 0.01033266129032258 0.01025
0 0.669984879032258 0.5716249999999999 0.011340725806451613 0.01125
0 0.70703125 0.550375 0.011340725806451613 0.01125
0 0.7239163306451613 0.549875 0.011340725806451613 0.01125
0 0.7299647177419354 0.529375 0.011340725806451613 0.01125
0 0.7474798387096775 0.5275 0.012600806451612902 0.0125
0 0.3889868951612903 0.538625 0.011340725806451613 0.01125
0 0.40032762096774194 0.521375 0.011340725806451613 0.01125
0 0.4068800403225806 0.495625 0.011340725806451613 0.01125
0 0.39528729838709675 0.481375 0.011340725806451613 0.01125
0 0.39553931451612906 0.459625 0.011340725806451613 0.01125
0 0.32673891129032256 0.419875 0.011340725806451613 0.01125
0 0.26197076612903225 0.41412499999999997 0.011340725806451613 0.01125
0 0.25138608870967744 0.356875 0.01033266129032258 0.01025
0 0.481476814516129 0.338125 0.009324596774193549 0.00925
0 0.4842489919354839 0.328625 0.009324596774193549 0.00925
0 0.473664314516129 0.35012499999999996 0.009324596774193549 0.00925
0 0.5112147177419355 0.346125 0.009324596774193549 0.00925
0 0.4764364919354839 0.525875 0.011340725806451613 0.01125
0 0.538054435483871 0.50525 0.012600806451612902 0.0125
0 0.58984375 0.462375 0.011340725806451613 0.01125
0 0.5955141129032259 0.48474999999999996 0.012600806451612902 0.0125
0 0.5599798387096775 0.4705 0.012600806451612902 0.0125
0 0.6098790322580645 0.44975 0.008568548387096774 0.0085
0 0.6057207661290323 0.444625 0.009324596774193549 0.00925
0 0.6120211693548387 0.45637500000000003 0.0078125 0.00775
0 0.6175655241935484 0.455375 0.009324596774193549 0.00925
0 0.6039566532258064 0.428875 0.009324596774193549 0.00925
0 0.5905997983870968 0.430125 0.009324596774193549 0.00925
0 0.5701864919354839 0.397375 0.01033266129032258 0.01025
0 0.543976814516129 0.400625 0.01033266129032258 0.01025
0 0.5807711693548386 0.411125 0.01033266129032258 0.01025
0 0.590851814516129 0.413875 0.009324596774193549 0.00925
0 0.627898185483871 0.456625 0.009324596774193549 0.00925
0 0.646547379032258 0.45137499999999997 0.01033266129032258 0.01025
0 0.6417590725806451 0.502625 0.011340725806451613 0.01125
0 0.6974546370967741 0.48162499999999997 0.01033266129032258 0.01025
0 0.6815776209677419 0.47562499999999996 0.011340725806451613 0.01125
0 0.684601814516129 0.492375 0.0073084677419354835 0.00975
0 0.6764112903225806 0.491875 0.009072580645161291 0.01175
0 0.6975806451612903 0.5015000000000001 0.008568548387096774 0.0085
0 0.6944304435483871 0.496875 0.009324596774193549 0.00925
0 0.7241683467741935 0.498375 0.011340725806451613 0.01125
0 0.7463457661290323 0.482375 0.011340725806451613 0.01125
