0 0.6848043416166809 0.8438749999999999 0.01570979720079977 0.01375
0 0.3144815766923736 0.51525 0.018851756640959727 0.0165
0 0.30248500428449016 0.486 0.018851756640959727 0.0165
0 0.38303341902313626 0.4745 0.018851756640959727 0.0165
0 0.4393030562696372 0.4965 0.018851756640959727 0.0165
0 0.4732933447586404 0.5239999999999999 0.01713796058269066 0.015
0 0.5012853470437018 0.5579999999999999 0.01713796058269066 0.015
0 0.4661525278491859 0.4245 0.018851756640959727 0.0165
0 0.532133676092545 0.34950000000000003 0.01713796058269066 0.015
0 0.5821193944587261 0.43675 0.01713796058269066 0.015
0 0.5985432733504713 0.426375 0.01570979720079977 0.01375
