0 0.137176407792901 0.48024999999999995 0.017614091273018415 0.0165
0 0.3450760608486789 0.5085 0.017614091273018415 0.0165
0 0.3215906058179877 0.5792499999999999 0.017614091273018415 0.0165
0 0.3472111022151054 0.5922499999999999 0.017614091273018415 0.0165
0 0.3215906058179877 0.61475 0.017614091273018415 0.0165
0 0.3976514544969309 0.6435 0.016012810248198558 0.015
0 0.40459033893781693 0.70175 0.017614091273018415 0.0165
0 0.459033893781692 0.6729999999999999 0.016012810248198558 0.015
0 0.4719775820656525 0.6503749999999999 0.014678409394182012 0.01375
0 0.46730717907659464 0.63525 0.016012810248198558 0.015
0 0.4835868694955965 0.67275 0.016012810248198558 0.015
0 0.5805978115825994 0.8566250000000001 0.01948225246864158 0.01825
0 0.5904723779023219 0.705875 0.01948225246864158 0.01825
0 0.6953562850280224 0.699625 0.01948225246864158 0.01825
0 0.7084334133973845 0.759625 0.01948225246864158 0.01825
0 0.7093674939951962 0.79125 0.017614091273018415 0.0165
0 0.7520683213237256 0.74325 0.016012810248198558 0.015
0 0.7650120096076861 0.746375 0.01948225246864158 0.01825
0 0.8067787563384041 0.688 0.017614091273018415 0.0165
0 0.8263944488924473 0.6769999999999999 0.015745930077395248 0.0125
0 0.8282626100880705 0.66625 0.017347211102215106 0.0125
0 0.648785695222845 0.607 0.017614091273018415 0.0165
0 0.6285028022417934 0.5812499999999999 0.017614091273018415 0.0165
0 0.6634641046170269 0.57175 0.016012810248198558 0.015
0 0.6567921003469441 0.55475 0.016012810248198558 0.015
0 0.5719242060314919 0.55875 0.017614091273018415 0.0165
0 0.7259140645850014 0.6024999999999999 0.017614091273018415 0.0165
0 0.7235121430477716 0.585 0.017080330931411796 0.014
0 0.7200427008273285 0.578125 0.016546570589805177 0.01375
0 0.7265812650120096 0.519625 0.01948225246864158 0.01825
0 0.6921537229783827 0.5163749999999999 0.014678409394182012 0.01375
0 0.6872164398185214 0.5115 0.016012810248198558 0.015
0 0.6477181745396318 0.49874999999999997 0.017614091273018415 0.0165
0 0.6946890846010142 0.4865 0.017614091273018415 0.0165
0 0.4222044302108353 0.5765 0.016012810248198558 0.0135
0 0.4172671470509741 0.567375 0.01521216973578863 0.01375
0 0.4144649052575394 0.53225 0.017614091273018415 0.0165
0 0.4519615692554043 0.546125 0.014678409394182012 0.01375
0 0.4550306912196424 0.53475 0.014411529223378704 0.0125
0 0.4727782225780624 0.5416249999999999 0.014678409394182012 0.01375
0 0.4875900720576461 0.5462499999999999 0.016012810248198558 0.015
0 0.4208700293568188 0.49025 0.016012810248198558 0.015
0 0.5611155591139578 0.528 0.015745930077395248 0.012
0 0.562983720309581 0.520375 0.016279690419001867 0.01125
0 0.5866026154256738 0.4825 0.016012810248198558 0.015
0 0.6007472644782492 0.47974999999999995 0.013344008540165465 0.0125
0 0.6030157459300773 0.49112500000000003 0.01521216973578863 0.01375
0 0.5457699492927676 0.4435 0.017614091273018415 0.0165
0 0.559113957832933 0.40525 0.017614091273018415 0.0165
0 0.5481718708299974 0.36474999999999996 0.017614091273018415 0.0165
0 0.5799306111555912 0.37324999999999997 0.017614091273018415 0.0165
0 0.6261008807045636 0.438 0.016012810248198558 0.015
0 0.6293034427542034 0.41774999999999995 0.017614091273018415 0.0165
0 0.5879370162796904 0.44825 0.01174272751534561 0.014
0 0.5943421403789698 0.449375 0.008540165465705898 0.01375
0 0.5986122231118228 0.4285 0.01120896717373899 0.014
0 0.6056845476381105 0.430375 0.009340805978115827 0.01325
0 0.26541232986389107 0.35912499999999997 0.01948225246864158 0.01825
0 0.1539898585535095 0.34425 0.017614091273018415 0.0185
0 0.1774753135842007 0.29924999999999996 0.017614091273018415 0.0165
0 0.1918868428075794 0.31025 0.016012810248198558 0.015
0 0.24926607953029092 0.27125 0.017614091273018415 0.0165
0 0.24392847611422472 0.28675 0.016012810248198558 0.015
0 0.23725647184414198 0.29775 0.016012810248198558 0.015
0 0.32666132906325057 0.18925 0.017614091273018415 0.0165
0 0.3594875900720576 0.2 0.017614091273018415 0.0165
0 0.5479049906591941 0.31725 0.017614091273018415 0.0165
0 0.5898051774753136 0.306 0.017614091273018415 0.0165
0 0.5994128636242327 0.283 0.017614091273018415 0.0165
0 0.5777955697891647 0.24075000000000002 0.017614091273018415 0.0165
0 0.5919402188417401 0.2325 0.017614091273018415 0.0165
0 0.6218307979717107 0.249 0.016012810248198558 0.015
0 0.6535895382973045 0.23950000000000002 0.016012810248198558 0.015
0 0.6610621830797972 0.19975 0.017614091273018415 0.0165
0 0.6754737123031758 0.23475000000000001 0.016012810248198558 0.015
0 0.7099012543368028 0.2215 0.017614091273018415 0.0165
0 0.730717907659461 0.243 0.017614091273018415 0.0165
0 0.7065652522017615 0.237375 0.014678409394182012 0.01375
0 0.7004270082732853 0.24337499999999998 0.014678409394182012 0.01375
0 0.6757405924739791 0.27975 0.016012810248198558 0.015
0 0.6690685882038964 0.30875 0.016012810248198558 0.015
0 0.6338404056578596 0.29675 0.016012810248198558 0.015
0 0.6455831331732053 0.314 0.013344008540165465 0.0135
0 0.6373098478783027 0.31075 0.013344008540165465 0.014
0 0.6746730717907659 0.35175 0.016012810248198558 0.015
0 0.6956231651988257 0.34537500000000004 0.014678409394182012 0.01375
0 0.7026954897251134 0.3395 0.016012810248198558 0.015
0 0.7115025353616226 0.3695 0.016012810248198558 0.015
0 0.692820923405391 0.38499999999999995 0.017614091273018415 0.0165
0 0.7485988791032827 0.363 0.017614091273018415 0.0165
0 0.7688817720843342 0.32725 0.017614091273018415 0.0165
0 0.7048305310915399 0.302875 0.013344008540165465 0.01375
0 0.7049639711769415 0.288375 0.014678409394182012 0.01375
0 0.7169735788630905 0.30425 0.014678409394182012 0.015
0 0.7854283426741393 0.29274999999999995 0.017614091273018415 0.0165
0 0.8011742727515345 0.3155 0.016012810248198558 0.015
0 0.8099813183880438 0.33825 0.017614091273018415 0.0165
0 0.7907659460902056 0.37925 0.017614091273018415 0.0165
0 0.7907659460902056 0.40549999999999997 0.017614091273018415 0.0165
