0 0.46466476831478126 0.11425 0.01397877297437225 0.0125
0 0.5423246181724048 0.157 0.012943308309603935 0.0125
0 0.3318664250582449 0.2195 0.012943308309603935 0.0125
0 0.3681076883251359 0.25999999999999995 0.012943308309603935 0.0125
0 0.4131504012425576 0.25125 0.012943308309603935 0.0125
0 0.591768055915092 0.33125 0.012943308309603935 0.0125
0 0.5749417551126068 0.34425 0.012943308309603935 0.0125
0 0.5627750453015791 0.37074999999999997 0.012943308309603935 0.0125
0 0.5710587626197257 0.38899999999999996 0.012943308309603935 0.0125
0 0.5412891535076366 0.44325 0.012943308309603935 0.0125
0 0.45935801190784364 0.409375 0.011648977478643541 0.01125
0 0.4645353352316852 0.41812499999999997 0.011648977478643541 0.01125
0 0.45003882992492883 0.416375 0.011648977478643541 0.01125
0 0.3994304944343774 0.39499999999999996 0.012943308309603935 0.0125
0 0.41444473207351795 0.4205 0.012943308309603935 0.0125
0 0.4197514884804556 0.427125 0.011648977478643541 0.01125
0 0.35749417551126067 0.40449999999999997 0.012943308309603935 0.0125
0 0.3194408490810251 0.42774999999999996 0.012943308309603935 0.0125
0 0.32798343256536366 0.45475 0.012943308309603935 0.0125
0 0.3760031063939943 0.45337500000000003 0.014237639140564327 0.01375
0 0.345586331866425 0.46525 0.012943308309603935 0.0125
0 0.4237639140564328 0.481 0.012943308309603935 0.0125
0 0.24022780222624904 0.414 0.012943308309603935 0.0125
0 0.1450944861506601 0.449375 0.014237639140564327 0.01375
0 0.30352057986021225 0.506375 0.014237639140564327 0.01375
0 0.35477608076624384 0.590125 0.014237639140564327 0.01375
0 0.3374320476313746 0.6051249999999999 0.014237639140564327 0.01375
0 0.30986280093191815 0.60525 0.012943308309603935 0.0125
0 0.34260937095521615 0.6573749999999999 0.014237639140564327 0.01375
0 0.23919233756148073 0.67625 0.012943308309603935 0.0125
0 0.20903442920010354 0.6643749999999999 0.014237639140564327 0.01375
0 0.3392441107947191 0.6936249999999999 0.014237639140564327 0.01375
0 0.3665544913279834 0.697 0.012943308309603935 0.0125
0 0.36991975148848044 0.6859999999999999 0.012943308309603935 0.0125
0 0.39062904478384675 0.742 0.012943308309603935 0.0125
0 0.41366813357494175 0.74275 0.012943308309603935 0.0125
0 0.46142894123738026 0.6311249999999999 0.011648977478643541 0.01125
0 0.46582966606264564 0.628125 0.011648977478643541 0.01125
0 0.45612218483044265 0.6759999999999999 0.012943308309603935 0.0125
0 0.4646647683147812 0.68225 0.012943308309603935 0.0125
0 0.5102252135645872 0.66375 0.012943308309603935 0.0125
0 0.5003882992492881 0.62125 0.012943308309603935 0.0125
0 0.4858917939425317 0.61875 0.012943308309603935 0.0125
0 0.503235827077401 0.60375 0.012943308309603935 0.0125
0 0.48666839244110793 0.5892499999999999 0.012943308309603935 0.0125
0 0.5484079730779187 0.6443749999999999 0.014237639140564327 0.01375
0 0.5612218483044267 0.74775 0.012943308309603935 0.0125
0 0.6223142635257572 0.74475 0.012943308309603935 0.0125
0 0.6203727672793166 0.784625 0.014237639140564327 0.01375
0 0.6140305462076107 0.866 0.012943308309603935 0.0125
0 0.7727155060833549 0.73525 0.012943308309603935 0.0125
0 0.6853481749935283 0.594625 0.014237639140564327 0.01375
0 0.4830442661144188 0.5545 0.012943308309603935 0.0125
0 0.4822676676158426 0.5325 0.012943308309603935 0.0125
0 0.5275692466994564 0.50925 0.012943308309603935 0.0125
0 0.8647424281646389 0.450875 0.014237639140564327 0.01375
