0 0.08707015130674002 0.495625 0.012379642365887207 0.01125
0 0.09229711141678129 0.470125 0.012379642365887207 0.01125
0 0.07854195323246217 0.599125 0.012379642365887207 0.01125
0 0.13273727647867953 0.651875 0.012379642365887207 0.01125
0 0.12214580467675379 0.67725 0.009353507565337002 0.0085
0 0.12420907840440165 0.673375 0.010178817056396148 0.00925
0 0.12310866574965612 0.682375 0.010178817056396148 0.00925
0 0.14429160935350757 0.699625 0.011279229711141679 0.01025
0 0.14250343878954608 0.69025 0.009353507565337002 0.0085
0 0.14649243466299863 0.6873750000000001 0.011279229711141679 0.01025
0 0.14099037138927098 0.738125 0.012379642365887207 0.01125
0 0.12888583218707017 0.737625 0.012379642365887207 0.01125
0 0.15089408528198076 0.767875 0.012379642365887207 0.01125
0 0.16492434662998626 0.779125 0.012379642365887207 0.01125
0 0.22847317744154058 0.605375 0.012379642365887207 0.01125
0 0.22572214580467675 0.590875 0.012379642365887207 0.01125
0 0.28913342503438794 0.5549999999999999 0.013755158184319119 0.0125
0 0.3038514442916093 0.621625 0.012379642365887207 0.01125
0 0.27620357634112797 0.6765 0.013755158184319119 0.0125
0 0.3408528198074278 0.7162499999999999 0.013755158184319119 0.0125
0 0.3218707015130674 0.74175 0.013755158184319119 0.0125
0 0.37936726272352134 0.85175 0.013755158184319119 0.0125
0 0.46685006877579094 0.85525 0.013755158184319119 0.0125
0 0.47785419532324624 0.86175 0.013755158184319119 0.0125
0 0.5529573590096286 0.8252499999999999 0.013755158184319119 0.0125
0 0.5156808803301238 0.747625 0.012379642365887207 0.01125
0 0.5291609353507566 0.746375 0.012379642365887207 0.01125
0 0.5442916093535076 0.741375 0.012379642365887207 0.01125
0 0.5519944979367263 0.748375 0.012379642365887207 0.01125
0 0.5667125171939478 0.703 0.013755158184319119 0.0125
0 0.5866574965612105 0.686375 0.012379642365887207 0.01125
0 0.5767537826685007 0.652875 0.012379642365887207 0.01125
0 0.5830811554332875 0.645875 0.012379642365887207 0.01125
0 0.5353507565337001 0.66075 0.013755158184319119 0.0125
0 0.5181568088033013 0.653125 0.012379642365887207 0.01125
0 0.5099037138927098 0.647875 0.012379642365887207 0.01125
0 0.4859697386519945 0.675125 0.012379642365887207 0.01125
0 0.4686382393397524 0.686125 0.012379642365887207 0.01125
0 0.4620357634112792 0.688875 0.012379642365887207 0.01125
0 0.3671251719394773 0.659625 0.012379642365887207 0.01125
0 0.3594222833562586 0.641625 0.012379642365887207 0.01125
0 0.4188445667125172 0.647125 0.015130674002751032 0.01375
0 0.4112792297111417 0.61075 0.013755158184319119 0.0125
0 0.4083906464924347 0.574125 0.012379642365887207 0.01125
0 0.38583218707015127 0.571375 0.012379642365887207 0.01125
0 0.3888583218707015 0.559375 0.012379642365887207 0.01125
0 0.3570839064649244 0.56525 0.013755158184319119 0.0125
0 0.4202200825309491 0.565375 0.010178817056396148 0.00925
0 0.4166437414030261 0.560625 0.011279229711141679 0.01025
0 0.4268225584594223 0.5633750000000001 0.011279229711141679 0.01025
0 0.40082530949105916 0.567625 0.009353507565337002 0.00875
0 0.39614855570839064 0.56575 0.008803301237964236 0.01
0 0.3178817056396148 0.531125 0.012379642365887207 0.01125
0 0.30990371389270976 0.512875 0.012379642365887207 0.01125
0 0.3294360385144429 0.516375 0.012379642365887207 0.01125
0 0.347455295735901 0.493 0.013755158184319119 0.0125
0 0.29353507565337006 0.46775 0.013755158184319119 0.0125
0 0.131636863823934 0.44387499999999996 0.012379642365887207 0.01125
0 0.1077028885832187 0.439625 0.012379642365887207 0.01125
0 0.11980742778541953 0.407875 0.012379642365887207 0.01125
0 0.13177441540577717 0.39075 0.013755158184319119 0.0125
0 0.14552957359009627 0.365 0.013755158184319119 0.0125
0 0.19133425034387896 0.342375 0.012379642365887207 0.01125
0 0.375515818431912 0.45475 0.013755158184319119 0.0125
0 0.4233837689133425 0.45825 0.013755158184319119 0.0125
0 0.428060522696011 0.4285 0.013755158184319119 0.0125
0 0.4499312242090784 0.462625 0.012379642365887207 0.01125
0 0.49724896836313615 0.462125 0.012379642365887207 0.01125
0 0.5052269601100413 0.462625 0.012379642365887207 0.01125
0 0.42682255845942224 0.505375 0.012379642365887207 0.01125
0 0.32090784044016507 0.373625 0.012379642365887207 0.01125
0 0.3002751031636864 0.367625 0.012379642365887207 0.01125
0 0.2814305364511692 0.36124999999999996 0.013755158184319119 0.0125
0 0.2513067400275103 0.300875 0.012379642365887207 0.01125
0 0.23232462173314994 0.29212499999999997 0.012379642365887207 0.01125
0 0.24332874828060524 0.284375 0.012379642365887207 0.01125
0 0.27854195323246217 0.292875 0.012379642365887207 0.01125
0 0.2966987620357634 0.28762499999999996 0.012379642365887207 0.01125
0 0.262585969738652 0.194875 0.012379642365887207 0.01125
0 0.2936726272352132 0.198125 0.012379642365887207 0.01125
0 0.32090784044016507 0.191625 0.012379642365887207 0.01125
0 0.33658872077028884 0.192375 0.012379642365887207 0.01125
0 0.2310866574965612 0.21175 0.009353507565337002 0.0085
0 0.2372764786795048 0.21112499999999998 0.008528198074277854 0.00975
0 0.2436038514442916 0.207375 0.012379642365887207 0.01125
0 0.23177441540577717 0.21762499999999999 0.011829436038514442 0.00925
0 0.4199449793672627 0.314875 0.012379642365887207 0.01125
0 0.5178817056396149 0.219875 0.012379642365887207 0.01125
0 0.5850068775790922 0.20962499999999998 0.012379642365887207 0.01125
0 0.627372764786795 0.277125 0.012379642365887207 0.01125
0 0.6458046767537827 0.277625 0.012379642365887207 0.01125
0 0.6895460797799176 0.26237499999999997 0.012379642365887207 0.01125
0 0.7085281980742779 0.278125 0.012379642365887207 0.01125
0 0.6438789546079781 0.312625 0.012379642365887207 0.01125
0 0.5929848693259973 0.312625 0.012379642365887207 0.01125
0 0.6105914718019257 0.320625 0.012379642365887207 0.01125
0 0.6203576341127923 0.34149999999999997 0.013755158184319119 0.0125
0 0.6502063273727648 0.354875 0.012379642365887207 0.01125
0 0.709353507565337 0.374375 0.012379642365887207 0.01125
0 0.6865199449793673 0.433375 0.012379642365887207 0.01125
0 0.5415405777166438 0.383625 0.012379642365887207 0.01125
0 0.5640990371389271 0.375875 0.010178817056396148 0.00925
0 0.5613480055020632 0.382625 0.010178817056396148 0.00925
0 0.5811554332874829 0.38387499999999997 0.012379642365887207 0.01125
0 0.5674002751031637 0.393375 0.010178817056396148 0.00925
0 0.5726272352132049 0.38987499999999997 0.010178817056396148 0.00925
0 0.7508940852819808 0.488625 0.012379642365887207 0.01125
0 0.8475928473177442 0.51925 0.013755158184319119 0.0125
0 0.6132049518569463 0.49724999999999997 0.013755158184319119 0.0125
0 0.7099037138927098 0.516875 0.012379642365887207 0.01125
0 0.7412654745529574 0.523625 0.012379642365887207 0.01125
0 0.7099037138927098 0.537625 0.012379642365887207 0.01125
0 0.7239339752407153 0.570125 0.012379642365887207 0.01125
0 0.8224209078404402 0.590625 0.012379642365887207 0.01125
0 0.5731774415405777 0.551125 0.012379642365887207 0.01125
0 0.5927097661623109 0.590625 0.012379642365887207 0.01125
0 0.6111416781292985 0.609375 0.012379642365887207 0.01125
0 0.6254470426409904 0.634375 0.012379642365887207 0.01125
0 0.6436038514442917 0.6058749999999999 0.012379642365887207 0.01125
0 0.6730398899587345 0.5973750000000001 0.011279229711141679 0.01025
0 0.6653370013755158 0.594375 0.010178817056396148 0.00925
0 0.711554332874828 0.609875 0.012379642365887207 0.01125
0 0.7327372764786795 0.651375 0.010178817056396148 0.00925
0 0.7409903713892709 0.647125 0.010178817056396148 0.00925
0 0.7217331499312242 0.652625 0.011279229711141679 0.01025
