0 0.3006243213897937 0.44537499999999997 0.011129207383279044 0.01025
0 0.30347448425624324 0.42825 0.016286644951140065 0.015
0 0.253800217155266 0.41000000000000003 0.016286644951140065 0.015
0 0.2759229098805646 0.398625 0.012214983713355049 0.01125
0 0.30659609120521175 0.39237500000000003 0.01492942453854506 0.01375
0 0.2980456026058632 0.3775 0.013572204125950055 0.0125
0 0.32098262757871876 0.39737500000000003 0.012214983713355049 0.01475
0 0.3329261672095548 0.396125 0.012214983713355049 0.01375
0 0.33631921824104233 0.37775 0.016286644951140065 0.0115
0 0.3357763300760043 0.366375 0.016286644951140065 0.01125
0 0.34432681867535286 0.35712499999999997 0.012214983713355049 0.01125
0 0.3554560260586319 0.350375 0.00515743756786102 0.00475
0 0.3329261672095548 0.33675 0.012757871878393051 0.0115
0 0.3311617806731813 0.326875 0.016286644951140065 0.01275
0 0.3535559174809989 0.324875 0.01492942453854506 0.01375
0 0.3338762214983713 0.27275 0.017915309446254073 0.0165
0 0.3485342019543974 0.23825000000000002 0.016286644951140065 0.015
0 0.3550488599348534 0.25475 0.013572204125950055 0.0125
0 0.3716069489685125 0.2645 0.016286644951140065 0.015
0 0.4261672095548317 0.28375 0.016286644951140065 0.015
0 0.373914223669924 0.281125 0.01492942453854506 0.01375
0 0.36509229098805646 0.28525 0.013572204125950055 0.0125
0 0.4947068403908795 0.136125 0.01492942453854506 0.01375
0 0.5255157437567861 0.19375 0.016286644951140065 0.015
0 0.5192725298588491 0.21725 0.016286644951140065 0.015
0 0.510043431053203 0.26449999999999996 0.017915309446254073 0.0165
0 0.5272801302931596 0.267125 0.01492942453854506 0.01375
0 0.5344733984799132 0.299 0.016286644951140065 0.015
0 0.5561889250814332 0.27999999999999997 0.013572204125950055 0.0125
0 0.5715255157437568 0.28687500000000005 0.01492942453854506 0.01375
0 0.5584961997828447 0.289875 0.01004343105320304 0.00925
0 0.5627035830618893 0.29774999999999996 0.013572204125950055 0.0125
0 0.5606677524429967 0.315375 0.01492942453854506 0.01375
0 0.5871335504885994 0.31575000000000003 0.016286644951140065 0.015
0 0.616313789359392 0.31112500000000004 0.01492942453854506 0.01375
0 0.6262214983713356 0.30612500000000004 0.013572204125950055 0.01375
0 0.6340933767643865 0.33325 0.016286644951140065 0.015
0 0.6427795874049945 0.35625 0.016286644951140065 0.015
0 0.659473398479913 0.347125 0.006243213897937025 0.00575
0 0.6733170466883821 0.362375 0.01492942453854506 0.01375
0 0.6830890336590661 0.355125 0.01492942453854506 0.01375
0 0.6877035830618892 0.34537500000000004 0.01492942453854506 0.01375
0 0.6625950054288816 0.257 0.017915309446254073 0.0165
0 0.6777958740499457 0.29025 0.016286644951140065 0.015
0 0.6917752442996742 0.29012499999999997 0.012214983713355049 0.01125
0 0.8808360477741586 0.39225 0.017915309446254073 0.0165
0 0.8344191096634094 0.38 0.017915309446254073 0.0165
0 0.7846091205211726 0.363 0.014386536373507057 0.015
0 0.7734799131378935 0.36162500000000003 0.01492942453854506 0.01375
0 0.7646579804560261 0.3695 0.016286644951140065 0.015
0 0.75271444082519 0.3755 0.016286644951140065 0.015
0 0.7366992399565689 0.38325 0.017915309446254073 0.0165
0 0.46321932681867534 0.500625 0.01492942453854506 0.01375
0 0.43498914223669927 0.5101249999999999 0.01492942453854506 0.01375
0 0.4203311617806732 0.5081249999999999 0.01492942453854506 0.01375
0 0.6118349619978285 0.5419999999999999 0.013572204125950055 0.0125
0 0.5806188925081434 0.5489999999999999 0.016286644951140065 0.015
0 0.6047774158523345 0.55525 0.013572204125950055 0.0125
0 0.617128121606949 0.5551250000000001 0.011129207383279044 0.01025
0 0.620385450597177 0.5706249999999999 0.01492942453854506 0.01125
0 0.6023344191096635 0.5835 0.013572204125950055 0.0125
0 0.5864549402823018 0.601375 0.01492942453854506 0.01375
0 0.6232356134636265 0.58 0.013572204125950055 0.01
0 0.621199782844734 0.587125 0.008414766558089034 0.00775
0 0.626900108577633 0.592125 0.012214983713355049 0.01125
0 0.6283930510314876 0.65625 0.016286644951140065 0.015
0 0.6237785016286646 0.7042499999999999 0.016286644951140065 0.015
