0 0.21820414847161573 0.24012499999999998 0.01118995633187773 0.01025
0 0.10030021834061136 0.367625 0.012281659388646287 0.01125
0 0.05199235807860262 0.461625 0.004093886462882096 0.00775
0 0.1920032751091703 0.44687499999999997 0.012281659388646287 0.01125
0 0.20455786026200873 0.534125 0.012281659388646287 0.01125
0 0.26050764192139736 0.525375 0.01118995633187773 0.01025
0 0.1726255458515284 0.596125 0.01118995633187773 0.01025
0 0.24604257641921398 0.652625 0.01009825327510917 0.00925
0 0.24849890829694324 0.698875 0.01118995633187773 0.01025
0 0.13905567685589518 0.707875 0.01009825327510917 0.00925
0 0.28602620087336245 0.7605 0.009279475982532752 0.0085
0 0.22338973799126638 0.8226249999999999 0.01009825327510917 0.00925
0 0.4040665938864629 0.7851250000000001 0.01118995633187773 0.01025
0 0.46875 0.836375 0.01009825327510917 0.00925
0 0.4728438864628821 0.841625 0.01009825327510917 0.00925
0 0.5047762008733625 0.831625 0.01009825327510917 0.00925
0 0.515693231441048 0.829625 0.008460698689956333 0.00775
0 0.519650655021834 0.82675 0.009279475982532752 0.0085
0 0.5279748908296944 0.821375 0.01009825327510917 0.00925
0 0.5478984716157206 0.821125 0.01009825327510917 0.00925
0 0.5959334061135372 0.819125 0.01118995633187773 0.01025
0 0.6076692139737991 0.812125 0.01009825327510917 0.00925
0 0.6587063318777292 0.802375 0.009006550218340612 0.00925
0 0.6647106986899562 0.800375 0.007914847161572052 0.00925
0 0.49522379912663755 0.776125 0.008460698689956333 0.00775
0 0.5028657205240175 0.779875 0.01009825327510917 0.00925
0 0.4923580786026201 0.7807499999999999 0.009279475982532752 0.0085
0 0.4673853711790393 0.7233750000000001 0.01118995633187773 0.01025
0 0.43463427947598254 0.712625 0.01009825327510917 0.00925
0 0.46506550218340614 0.69275 0.009279475982532752 0.0085
0 0.46888646288209607 0.689 0.009279475982532752 0.0085
0 0.5225163755458516 0.6861250000000001 0.01118995633187773 0.01025
0 0.49031113537117904 0.6663749999999999 0.01009825327510917 0.00925
0 0.4591975982532751 0.645625 0.01009825327510917 0.00925
0 0.4679312227074236 0.620625 0.01009825327510917 0.00925
0 0.40952510917030566 0.624625 0.01009825327510917 0.00925
0 0.35794213973799127 0.637875 0.01009825327510917 0.00925
0 0.30090065502183405 0.603125 0.01118995633187773 0.01025
0 0.36340065502183405 0.579625 0.01009825327510917 0.00925
0 0.3857805676855895 0.577125 0.01009825327510917 0.00925
0 0.3377456331877729 0.525375 0.01009825327510917 0.00925
0 0.43545305676855894 0.581375 0.01009825327510917 0.00925
0 0.47202510917030566 0.583375 0.01009825327510917 0.00925
0 0.546806768558952 0.6158750000000001 0.01118995633187773 0.01025
0 0.7983078602620087 0.6535 0.009279475982532752 0.0085
0 0.8303766375545852 0.665625 0.01009825327510917 0.00925
0 0.8432041484716157 0.633875 0.01009825327510917 0.00925
0 0.8500272925764193 0.602625 0.01009825327510917 0.00925
0 0.7179312227074236 0.532125 0.01009825327510917 0.00925
0 0.78889192139738 0.472875 0.01009825327510917 0.00925
0 0.7419486899563319 0.459625 0.01009825327510917 0.00925
0 0.8361080786026202 0.441125 0.01009825327510917 0.00925
0 0.6331877729257642 0.40525 0.009279475982532752 0.0085
0 0.5743722707423581 0.375375 0.01009825327510917 0.00925
0 0.5514465065502184 0.35012499999999996 0.01009825327510917 0.00925
0 0.5356168122270742 0.31987499999999996 0.01009825327510917 0.00925
