0 0.07571585903083701 0.51 0.01817180616740088 0.0165
0 0.21861233480176212 0.637 0.01817180616740088 0.0165
0 0.28441629955947134 0.6285 0.01817180616740088 0.0165
0 0.28441629955947134 0.6557499999999999 0.01817180616740088 0.0165
0 0.3463656387665198 0.6499999999999999 0.016519823788546256 0.015
0 0.3290198237885462 0.6569999999999999 0.016519823788546256 0.015
0 0.37362334801762115 0.65875 0.01817180616740088 0.0165
0 0.32819383259911894 0.6995 0.01817180616740088 0.0165
0 0.32544052863436124 0.773 0.01817180616740088 0.0165
0 0.2414647577092511 0.80075 0.01817180616740088 0.0165
0 0.4025330396475771 0.84525 0.01817180616740088 0.0165
0 0.47356828193832595 0.7865 0.016519823788546256 0.015
0 0.8113986784140969 0.7314999999999999 0.01817180616740088 0.0165
0 0.8342511013215859 0.62925 0.01817180616740088 0.0165
0 0.6028359030837005 0.5341250000000001 0.020099118942731278 0.01825
0 0.4858204845814978 0.5248750000000001 0.020099118942731278 0.01825
0 0.46833700440528636 0.54275 0.01817180616740088 0.0165
0 0.4391519823788546 0.51925 0.01817180616740088 0.0165
0 0.41712555066079293 0.5609999999999999 0.01817180616740088 0.0165
0 0.45195484581497797 0.474875 0.020099118942731278 0.01825
0 0.34237334801762115 0.489125 0.018997797356828192 0.01125
0 0.34264867841409696 0.498375 0.019548458149779735 0.01125
0 0.2851046255506608 0.432375 0.020099118942731278 0.01825
0 0.26610682819383263 0.38437499999999997 0.020099118942731278 0.01825
0 0.5495594713656388 0.40575 0.022026431718061675 0.02
0 0.6047632158590308 0.38937499999999997 0.020099118942731278 0.01825
0 0.540748898678414 0.34525 0.01817180616740088 0.0165
0 0.5484581497797356 0.35324999999999995 0.01817180616740088 0.0165
