0 0.06645742358078602 0.609625 0.01009825327510917 0.00925
0 0.18408842794759825 0.812125 0.01009825327510917 0.00925
0 0.24686135371179038 0.743375 0.01009825327510917 0.00925
0 0.2908024017467249 0.847375 0.01009825327510917 0.00925
0 0.32682860262008734 0.875875 0.01009825327510917 0.00925
0 0.3609443231441048 0.877625 0.01009825327510917 0.00925
0 0.550900655021834 0.885625 0.01118995633187773 0.01025
0 0.5809224890829695 0.8656250000000001 0.01118995633187773 0.01025
0 0.6644377729257642 0.870375 0.01118995633187773 0.00825
0 0.6764465065502184 0.861375 0.01009825327510917 0.00925
0 0.6565229257641922 0.8236249999999999 0.01009825327510917 0.00925
0 0.3283296943231441 0.748125 0.0054585152838427945 0.00925
0 0.3235534934497817 0.747375 0.008460698689956333 0.00775
0 0.333924672489083 0.748875 0.008460698689956333 0.00775
0 0.3894650655021834 0.75625 0.009279475982532752 0.0085
0 0.39383187772925765 0.75025 0.009279475982532752 0.0085
0 0.40870633187772926 0.763875 0.01009825327510917 0.00925
0 0.3082696506550218 0.682125 0.01009825327510917 0.00925
0 0.3732259825327511 0.673125 0.01009825327510917 0.00925
0 0.38168668122270744 0.621625 0.012281659388646287 0.01125
0 0.4040665938864629 0.619125 0.01118995633187773 0.01025
0 0.4264465065502183 0.609375 0.01118995633187773 0.01025
0 0.42781113537117904 0.666625 0.01009825327510917 0.00925
0 0.4889465065502183 0.726625 0.01009825327510917 0.00925
0 0.5498089519650655 0.731375 0.01009825327510917 0.00925
0 0.5608624454148472 0.704 0.009279475982532752 0.0085
0 0.5680949781659388 0.7108749999999999 0.008460698689956333 0.00775
0 0.5731441048034934 0.7065 0.009279475982532752 0.0085
0 0.5476255458515285 0.706875 0.01009825327510917 0.00925
0 0.5152838427947598 0.68725 0.009279475982532752 0.0085
0 0.5339792576419214 0.657375 0.01009825327510917 0.00925
0 0.5106441048034934 0.65675 0.009279475982532752 0.0085
0 0.5656386462882097 0.654875 0.01009825327510917 0.00925
0 0.5597707423580786 0.68375 0.009279475982532752 0.0085
0 0.5691866812227074 0.686375 0.01009825327510917 0.00925
0 0.7789301310043668 0.7625 0.009279475982532752 0.0085
0 0.7764737991266376 0.75075 0.009279475982532752 0.0085
0 0.7834334061135372 0.7308749999999999 0.01009825327510917 0.00925
0 0.7931222707423581 0.7341249999999999 0.009279475982532752 0.00775
0 0.7935316593886462 0.7294999999999999 0.009006550218340612 0.007
0 0.6565229257641922 0.690625 0.01009825327510917 0.00925
0 0.6415120087336245 0.682625 0.01009825327510917 0.00925
0 0.656113537117904 0.67525 0.009279475982532752 0.0085
0 0.6494268558951966 0.666625 0.01009825327510917 0.00925
0 0.6557041484716157 0.642375 0.01009825327510917 0.00925
0 0.6451965065502183 0.63825 0.009279475982532752 0.0085
0 0.6398744541484717 0.641375 0.01009825327510917 0.00925
0 0.6554312227074236 0.618625 0.01009825327510917 0.00925
0 0.6974617903930131 0.628625 0.01009825327510917 0.00925
0 0.6128548034934498 0.611875 0.01009825327510917 0.00925
0 0.5543122270742358 0.63425 0.009279475982532752 0.0085
0 0.4721615720524017 0.58475 0.009279475982532752 0.0085
0 0.5788755458515283 0.5722499999999999 0.009279475982532752 0.0085
0 0.5918395196506551 0.573875 0.01009825327510917 0.00925
0 0.560453056768559 0.5706249999999999 0.01009825327510917 0.00925
0 0.5754639737991267 0.556375 0.01009825327510917 0.00925
0 0.6292303493449782 0.551625 0.01009825327510917 0.00925
0 0.6188591703056769 0.544875 0.01009825327510917 0.00925
0 0.636599344978166 0.540125 0.01009825327510917 0.00925
0 0.6532478165938865 0.571875 0.01118995633187773 0.01025
0 0.6696233624454149 0.539625 0.01009825327510917 0.00925
0 0.673717248908297 0.525125 0.01009825327510917 0.00925
0 0.6574781659388647 0.5245 0.009279475982532752 0.0085
0 0.661981441048035 0.510875 0.01009825327510917 0.00925
0 0.6226801310043668 0.528125 0.01009825327510917 0.00925
0 0.7242085152838429 0.548625 0.01009825327510917 0.00925
0 0.8018558951965066 0.54775 0.009279475982532752 0.0085
0 0.8579421397379913 0.518375 0.01009825327510917 0.00925
0 0.773335152838428 0.497125 0.01009825327510917 0.00925
0 0.6734443231441047 0.49612500000000004 0.008460698689956333 0.00775
0 0.6911844978165939 0.498875 0.008460698689956333 0.00775
0 0.6905021834061136 0.491 0.009279475982532752 0.0085
0 0.6997816593886463 0.485 0.009279475982532752 0.0085
0 0.6697598253275109 0.484 0.009279475982532752 0.0085
0 0.6872270742358079 0.46075 0.008187772925764192 0.0085
0 0.6993722707423581 0.460625 0.008460698689956333 0.00775
0 0.6794486899563318 0.46087500000000003 0.008460698689956333 0.00775
0 0.7530021834061136 0.41824999999999996 0.009279475982532752 0.0085
0 0.7029203056768559 0.399125 0.01009825327510917 0.00925
0 0.6763100436681223 0.41725 0.007641921397379912 0.007
0 0.673717248908297 0.431875 0.01009825327510917 0.00925
0 0.656113537117904 0.44199999999999995 0.009279475982532752 0.0085
0 0.6506550218340611 0.45075 0.009279475982532752 0.0085
0 0.6411026200873362 0.45325 0.009279475982532752 0.0085
0 0.6225436681222708 0.44849999999999995 0.009279475982532752 0.0085
0 0.618995633187773 0.43875 0.009279475982532752 0.0085
0 0.628684497816594 0.435875 0.01009825327510917 0.00925
0 0.4963155021834061 0.539625 0.01009825327510917 0.00925
0 0.5345251091703057 0.521875 0.01009825327510917 0.00925
0 0.4791211790393013 0.512375 0.01009825327510917 0.00925
0 0.5184224890829695 0.487875 0.01009825327510917 0.00925
0 0.525518558951965 0.483375 0.008460698689956333 0.00775
0 0.5244268558951966 0.478875 0.01009825327510917 0.00775
0 0.5593613537117904 0.48162499999999997 0.01009825327510917 0.00925
0 0.5757368995633189 0.48062499999999997 0.01009825327510917 0.00925
0 0.5735534934497817 0.493625 0.01009825327510917 0.00925
0 0.48580786026200873 0.46275 0.009279475982532752 0.0085
0 0.49522379912663755 0.459875 0.01009825327510917 0.00925
0 0.4974072052401747 0.467125 0.01009825327510917 0.00925
0 0.4632914847161572 0.470875 0.01009825327510917 0.00925
0 0.46492903930131 0.44487499999999996 0.01009825327510917 0.00925
0 0.4802128820960699 0.43062500000000004 0.008460698689956333 0.00775
0 0.48840065502183405 0.425625 0.01009825327510917 0.00925
0 0.5009552401746725 0.421375 0.01009825327510917 0.00925
0 0.47079694323144106 0.43775 0.009279475982532752 0.0085
0 0.47461790393013104 0.43424999999999997 0.009279475982532752 0.0085
0 0.5584061135371179 0.433 0.009279475982532752 0.0085
0 0.5680949781659389 0.425875 0.01009825327510917 0.00925
0 0.5446233624454149 0.409125 0.01009825327510917 0.00925
0 0.5343886462882096 0.39999999999999997 0.009279475982532752 0.0085
0 0.5334334061135371 0.412875 0.008460698689956333 0.00775
0 0.5319323144104804 0.41774999999999995 0.009279475982532752 0.0085
0 0.5330240174672489 0.38549999999999995 0.009279475982532752 0.0085
0 0.5443504366812227 0.380625 0.01009825327510917 0.00925
0 0.5544486899563319 0.372125 0.01118995633187773 0.01025
0 0.5017740174672489 0.38937499999999997 0.01009825327510917 0.00925
0 0.4874454148471616 0.37999999999999995 0.009279475982532752 0.0085
0 0.5020469432314411 0.366625 0.01009825327510917 0.00925
0 0.4935862445414847 0.35762499999999997 0.01009825327510917 0.00925
0 0.5934770742358079 0.34862499999999996 0.01009825327510917 0.00925
0 0.6396015283842795 0.324125 0.01009825327510917 0.00925
0 0.6447871179039302 0.368375 0.01009825327510917 0.00925
0 0.6488810043668123 0.38937499999999997 0.01009825327510917 0.00925
0 0.6334606986899564 0.39349999999999996 0.009279475982532752 0.0085
0 0.6439683406113538 0.403875 0.01009825327510917 0.00925
0 0.6435589519650655 0.41374999999999995 0.009279475982532752 0.0085
0 0.648471615720524 0.4205 0.009279475982532752 0.0085
0 0.6510644104803492 0.42725 0.009006550218340612 0.007
0 0.6520196506550219 0.43125 0.008187772925764192 0.007
0 0.7283024017467249 0.317125 0.01009825327510917 0.00925
0 0.7229803493449781 0.3095 0.009279475982532752 0.0085
0 0.7774290393013101 0.300625 0.01118995633187773 0.01025
0 0.6468340611353712 0.2475 0.009279475982532752 0.0085
0 0.6481986899563319 0.18075 0.009279475982532752 0.0085
0 0.5180131004366813 0.33599999999999997 0.009279475982532752 0.0085
0 0.4566048034934498 0.34175 0.009279475982532752 0.0085
0 0.44609716157205237 0.34862499999999996 0.01009825327510917 0.00925
0 0.4576965065502183 0.33175 0.009279475982532752 0.0085
0 0.38960152838427947 0.408875 0.01009825327510917 0.00925
0 0.35657751091703055 0.369875 0.01009825327510917 0.00925
0 0.32368995633187775 0.35574999999999996 0.009279475982532752 0.0085
0 0.26651200873362446 0.41712499999999997 0.01009825327510917 0.00925
0 0.33583515283842796 0.326875 0.008460698689956333 0.00775
0 0.3426582969432314 0.332375 0.01009825327510917 0.00925
0 0.3044486899563319 0.333625 0.01009825327510917 0.00925
0 0.26514737991266374 0.308875 0.01009825327510917 0.00925
0 0.29639737991266374 0.29124999999999995 0.009279475982532752 0.0085
0 0.28820960698689957 0.28574999999999995 0.009279475982532752 0.0085
0 0.31154475982532753 0.285125 0.01009825327510917 0.00925
0 0.38659934497816595 0.277125 0.01009825327510917 0.00925
0 0.32942139737991266 0.227 0.009279475982532752 0.0085
0 0.3395196506550218 0.226 0.009279475982532752 0.0085
0 0.41375545851528384 0.23725000000000002 0.009279475982532752 0.0085
0 0.42999454148471616 0.229875 0.008460698689956333 0.00775
0 0.396424672489083 0.224625 0.008460698689956333 0.00775
0 0.4329967248908297 0.206625 0.008460698689956333 0.00775
0 0.3964246724890829 0.14837499999999998 0.011735807860262008 0.00825
