0 0.5444592790387183 0.12825 0.01602136181575434 0.015
0 0.557543391188251 0.16125 0.017623497997329773 0.0165
0 0.48891855807743656 0.16075 0.017623497997329773 0.0165
0 0.29506008010680906 0.24425 0.017623497997329773 0.0165
0 0.1966622162883845 0.36762500000000004 0.014686248331108143 0.01375
0 0.1794392523364486 0.35762499999999997 0.014419225634178905 0.01125
0 0.17903871829105475 0.36812500000000004 0.014686248331108143 0.01375
0 0.16835781041388517 0.386375 0.014686248331108143 0.01375
0 0.19465954606141522 0.63225 0.01602136181575434 0.015
0 0.36769025367156205 0.6702499999999999 0.01602136181575434 0.015
0 0.37650200267022693 0.68675 0.01602136181575434 0.015
0 0.5789052069425901 0.7783749999999999 0.01335113484646195 0.01375
0 0.5897196261682243 0.780125 0.014686248331108143 0.01375
0 0.615754339118825 0.7922499999999999 0.01602136181575434 0.015
0 0.6353805073431241 0.739875 0.014686248331108143 0.01375
0 0.6281708945260347 0.712375 0.014686248331108143 0.01375
0 0.6590120160213618 0.71475 0.01335113484646195 0.0125
0 0.6463284379172229 0.6948749999999999 0.014686248331108143 0.01375
0 0.6842456608811749 0.711625 0.014686248331108143 0.01375
0 0.7052069425901202 0.7889999999999999 0.01602136181575434 0.015
0 0.7137516688918558 0.757 0.01602136181575434 0.015
0 0.740720961281709 0.73425 0.01335113484646195 0.0125
0 0.7460614152202937 0.74325 0.01335113484646195 0.0125
0 0.7691588785046729 0.725375 0.014686248331108143 0.01375
0 0.7937249666221629 0.709375 0.014686248331108143 0.01375
0 0.7610146862483311 0.632 0.01602136181575434 0.015
0 0.5566088117489987 0.6613749999999999 0.014686248331108143 0.01375
0 0.571562082777036 0.613375 0.014686248331108143 0.01375
0 0.6066755674232309 0.58375 0.01602136181575434 0.015
0 0.6261682242990654 0.56475 0.01602136181575434 0.015
0 0.5101468624833111 0.572125 0.014686248331108143 0.01375
0 0.4973297730307076 0.558875 0.014686248331108143 0.01375
0 0.4731642189586115 0.5495 0.01602136181575434 0.015
0 0.504939919893191 0.46149999999999997 0.017623497997329773 0.0165
0 0.6477970627503338 0.5065000000000001 0.017623497997329773 0.0165
0 0.4945260347129506 0.42725 0.01602136181575434 0.015
0 0.4785046728971962 0.41175 0.01602136181575434 0.015
0 0.417890520694259 0.38575 0.017623497997329773 0.0165
0 0.4475300400534045 0.37025 0.01602136181575434 0.015
0 0.46688918558077436 0.3625 0.0157543391188251 0.0125
0 0.4707610146862483 0.373875 0.015487316421895861 0.01375
0 0.5174899866488651 0.32449999999999996 0.017623497997329773 0.0165
0 0.6024032042723632 0.32949999999999996 0.017623497997329773 0.0165
0 0.5951935914552737 0.303 0.017623497997329773 0.0165
0 0.6574098798397864 0.31325 0.017623497997329773 0.0165
0 0.6704939919893191 0.27099999999999996 0.017623497997329773 0.0165
0 0.6902536715620827 0.234 0.017623497997329773 0.0165
0 0.7492656875834446 0.1815 0.01602136181575434 0.015
0 0.7539385847797062 0.205875 0.014686248331108143 0.01375
0 0.7777036048064085 0.225625 0.014686248331108143 0.01375
0 0.7843791722296395 0.24612499999999998 0.014686248331108143 0.01375
0 0.7289719626168224 0.23750000000000002 0.01602136181575434 0.015
0 0.7400534045393858 0.25475 0.014686248331108143 0.0125
0 0.7444592790387182 0.25975 0.01335113484646195 0.0125
0 0.7389853137516689 0.27687500000000004 0.014686248331108143 0.01375
0 0.7182910547396528 0.28875 0.01602136181575434 0.015
0 0.7238985313751669 0.31325000000000003 0.01602136181575434 0.015
0 0.7240320427236315 0.327125 0.0157543391188251 0.01375
0 0.751935914552737 0.3305 0.01602136181575434 0.015
0 0.8315086782376502 0.315 0.01602136181575434 0.015
0 0.8304405874499332 0.3645 0.01602136181575434 0.015
0 0.8097463284379172 0.367875 0.014686248331108143 0.01375
0 0.8201602136181575 0.37812500000000004 0.014686248331108143 0.01375
0 0.8387182910547396 0.39849999999999997 0.017623497997329773 0.0165
0 0.7886515353805074 0.356375 0.01628838451268358 0.01075
0 0.7886515353805074 0.364625 0.015220293724966623 0.01125
0 0.7794392523364486 0.39375 0.01602136181575434 0.015
0 0.825634178905207 0.44375 0.017623497997329773 0.0165
0 0.7652870493991989 0.43374999999999997 0.017623497997329773 0.0165
0 0.739652870493992 0.41774999999999995 0.017623497997329773 0.0165
0 0.7120160213618157 0.45037499999999997 0.019492656875834447 0.01825
0 0.8526034712950601 0.5107499999999999 0.017623497997329773 0.0165
