0 0.12586944890315677 0.5123749999999999 0.014713750668806848 0.01375
0 0.13509898341359014 0.5325 0.016051364365971106 0.015
0 0.23782771535580524 0.53625 0.01765650080256822 0.0165
0 0.2314071696094168 0.568 0.016051364365971106 0.015
0 0.20947030497592295 0.6399999999999999 0.016051364365971106 0.015
0 0.301498127340824 0.6449999999999999 0.016051364365971106 0.015
0 0.33293204922418407 0.639625 0.014713750668806848 0.01375
0 0.34002140181915463 0.62975 0.01337613697164259 0.0125
0 0.347378277153558 0.651875 0.012038523274478331 0.01125
0 0.33841626538255754 0.59425 0.016051364365971106 0.015
0 0.35647405029427504 0.5948749999999999 0.013108614232209739 0.01375
0 0.36704119850187267 0.597375 0.012306046013911182 0.01375
0 0.14125200642054575 0.44975 0.016051364365971106 0.015
0 0.2225789192081327 0.443 0.016051364365971106 0.015
0 0.2433119315141787 0.457125 0.014713750668806848 0.01375
0 0.26270733012306047 0.447 0.016051364365971106 0.015
0 0.25601926163723915 0.30974999999999997 0.01658640984483681 0.0165
0 0.27661851257356873 0.30674999999999997 0.016051364365971106 0.0125
0 0.27675227394328517 0.29712500000000003 0.014713750668806848 0.01175
0 0.38657035848047083 0.30175 0.016051364365971106 0.015
0 0.4333868378812199 0.316 0.016051364365971106 0.015
0 0.36891385767790263 0.386 0.016051364365971106 0.015
0 0.37586944890315677 0.5385 0.016051364365971106 0.015
0 0.4087747458533975 0.56975 0.016051364365971106 0.015
0 0.4222846441947566 0.610375 0.014713750668806848 0.01375
0 0.40208667736757625 0.62575 0.01337613697164259 0.0125
0 0.3949973247726057 0.637875 0.014713750668806848 0.01375
0 0.38121990369181386 0.6595 0.01337613697164259 0.0125
0 0.39994649545211347 0.6645 0.01337613697164259 0.0125
0 0.3940609951845907 0.672125 0.009630818619582664 0.01125
0 0.3859015516318887 0.6719999999999999 0.012573568753344035 0.0125
0 0.3754681647940075 0.699375 0.014713750668806848 0.01375
0 0.3206260032102729 0.683375 0.014713750668806848 0.01375
0 0.31353665061530234 0.69775 0.01337613697164259 0.0125
0 0.3081861958266453 0.7085 0.01337613697164259 0.0125
0 0.29400749063670417 0.714 0.01337613697164259 0.0125
0 0.3000267522739433 0.7230000000000001 0.015248796147672551 0.0115
0 0.23782771535580524 0.7142499999999999 0.016051364365971106 0.015
0 0.2972177635098983 0.7487499999999999 0.016051364365971106 0.015
0 0.31741573033707865 0.728375 0.014713750668806848 0.01375
0 0.2712680577849117 0.7979999999999999 0.016051364365971106 0.015
0 0.2969502407704655 0.8099999999999999 0.016051364365971106 0.015
0 0.37386302835741037 0.7198749999999999 0.014713750668806848 0.01375
0 0.40155163188871057 0.74375 0.01337613697164259 0.0125
0 0.39753879079721777 0.74775 0.01337613697164259 0.0125
0 0.42536115569823435 0.762 0.01337613697164259 0.0125
0 0.4301765650080257 0.76625 0.01337613697164259 0.0125
0 0.44127875869448907 0.70575 0.015248796147672551 0.0125
0 0.43980738362760835 0.7155 0.016051364365971106 0.0125
0 0.675227394328518 0.73425 0.016051364365971106 0.015
0 0.8060460139111825 0.6972499999999999 0.01765650080256822 0.0165
0 0.7643124665596577 0.6365 0.016051364365971106 0.015
0 0.7700642054574639 0.6154999999999999 0.014178705189941144 0.015
0 0.7565543071161048 0.615875 0.01337613697164259 0.01375
0 0.7431781701444623 0.6184999999999999 0.016051364365971106 0.015
0 0.8699839486356341 0.6457499999999999 0.016051364365971106 0.015
0 0.8852327447833066 0.64425 0.01337613697164259 0.0125
0 0.8999464954521135 0.6455 0.016051364365971106 0.015
0 0.906099518459069 0.61275 0.01765650080256822 0.0165
0 0.8360085607276618 0.5945 0.01765650080256822 0.0165
0 0.8595505617977528 0.5655 0.01765650080256822 0.0165
0 0.9085072231139647 0.5465 0.01765650080256822 0.0165
0 0.7035848047084002 0.6074999999999999 0.016051364365971106 0.015
0 0.6527554842161585 0.6107499999999999 0.016051364365971106 0.015
0 0.6792402354200108 0.5519999999999999 0.016051364365971106 0.015
0 0.6262707330123061 0.54375 0.01765650080256822 0.0165
0 0.5279561262707331 0.562875 0.014713750668806848 0.01375
0 0.5551096843231675 0.53875 0.016051364365971106 0.015
0 0.5937667201712146 0.514875 0.014713750668806848 0.01375
0 0.6082129481005886 0.5071249999999999 0.014713750668806848 0.01375
0 0.5410647405029427 0.504125 0.014713750668806848 0.01375
0 0.4905029427501338 0.5111249999999999 0.014713750668806848 0.01375
0 0.46976993044408777 0.5257499999999999 0.016051364365971106 0.015
0 0.46040663456393793 0.4615 0.016051364365971106 0.015
0 0.4866238630283574 0.4635 0.016051364365971106 0.015
0 0.5325040128410915 0.481375 0.014713750668806848 0.01375
0 0.5425361155698235 0.446 0.016051364365971106 0.015
0 0.5518994114499733 0.43125 0.016051364365971106 0.015
0 0.6447298020331729 0.47875 0.016051364365971106 0.015
0 0.636302835741038 0.466625 0.014713750668806848 0.01375
0 0.6286784376672017 0.45625 0.013911182450508293 0.0125
0 0.6285446762974852 0.44487499999999996 0.014178705189941144 0.01125
0 0.6476725521669342 0.439625 0.016051364365971106 0.01125
0 0.6484751203852328 0.44937499999999997 0.015516318887105404 0.01125
0 0.6524879614767256 0.39925 0.016051364365971106 0.015
0 0.6506153023006956 0.3755 0.016051364365971106 0.015
0 0.6904761904761906 0.37875000000000003 0.016051364365971106 0.015
0 0.7116104868913857 0.35774999999999996 0.01765650080256822 0.0165
0 0.6508828250401284 0.353 0.01337613697164259 0.0125
0 0.6558319957196361 0.357875 0.014713750668806848 0.01375
0 0.5906902086677367 0.35574999999999996 0.01765650080256822 0.0165
0 0.5604601391118245 0.3515 0.01765650080256822 0.0165
0 0.5995184590690209 0.3075 0.01765650080256822 0.0165
0 0.6257356875334404 0.2655 0.016051364365971106 0.015
0 0.6326912787586945 0.25649999999999995 0.01337613697164259 0.0125
0 0.6486088817549491 0.250625 0.014713750668806848 0.01375
0 0.634430176565008 0.24287499999999998 0.014713750668806848 0.01375
0 0.6539593365436062 0.237375 0.014713750668806848 0.01375
0 0.5120385232744783 0.20700000000000002 0.01765650080256822 0.0165
0 0.5904226859283039 0.20800000000000002 0.016051364365971106 0.015
0 0.6514178705189941 0.216 0.011235955056179775 0.012
0 0.6595773140716962 0.21462499999999998 0.012038523274478331 0.01125
0 0.6556982343499197 0.20325000000000001 0.013911182450508293 0.0125
0 0.6753611556982344 0.21362499999999998 0.012573568753344035 0.01375
0 0.684991974317817 0.21662499999999998 0.013108614232209739 0.01375
0 0.7208400214018191 0.22925 0.015248796147672551 0.0105
0 0.7195024077046549 0.239875 0.012038523274478331 0.01125
0 0.7320759764579989 0.236125 0.012038523274478331 0.01125
0 0.7276618512573568 0.246 0.010700909577314071 0.0125
0 0.735553772070626 0.24712499999999998 0.012038523274478331 0.01125
0 0.7910647405029428 0.26775 0.016051364365971106 0.015
0 0.836677367576244 0.296375 0.014713750668806848 0.01375
0 0.8392188336008561 0.31325000000000003 0.016051364365971106 0.015
0 0.8575441412520064 0.338125 0.014713750668806848 0.01375
0 0.8632958801498127 0.4265 0.01765650080256822 0.0165
0 0.8614232209737828 0.45249999999999996 0.01765650080256822 0.0165
0 0.8025682182985554 0.481 0.016051364365971106 0.015
0 0.7881219903691814 0.4755 0.01337613697164259 0.01
0 0.7887907972177636 0.483375 0.012038523274478331 0.00875
0 0.7838416265382557 0.4875 0.01337613697164259 0.0125
0 0.7722043873729267 0.49962500000000004 0.014713750668806848 0.01375
0 0.7624398073836276 0.5067499999999999 0.01337613697164259 0.0125
0 0.7493311931514178 0.492 0.01337613697164259 0.0125
0 0.7332798287854467 0.496375 0.01337613697164259 0.01075
0 0.730872124130551 0.5065 0.01337613697164259 0.0125
0 0.7417067950775816 0.502625 0.010968432316746924 0.01025
0 0.7525414660246121 0.50575 0.010700909577314071 0.0125
0 0.7441144997324772 0.5105 0.010968432316746924 0.006
0 0.7447833065810594 0.51925 0.01337613697164259 0.0125
