0 0.22347986312187418 0.530875 0.013687812582258489 0.01325
0 0.3054751250329034 0.4975 0.016583311397736247 0.016
0 0.35404053698341664 0.47924999999999995 0.01579362990260595 0.0125
0 0.37009739405106606 0.5 0.014214266912345353 0.0135
0 0.39168202158462756 0.4985 0.012634903922084759 0.0125
0 0.40787049223479865 0.52325 0.015003948407475652 0.013
0 0.44209002369044487 0.48274999999999996 0.012898131087128192 0.0125
0 0.4343248223216636 0.452125 0.013161358252171624 0.01325
0 0.48683864174782837 0.449875 0.015003948407475652 0.01275
0 0.4947354566991313 0.434 0.003421953145564622 0.003
0 0.2803369307712556 0.32449999999999996 0.013687812582258489 0.0125
0 0.38207423006054225 0.23975000000000002 0.014477494077388787 0.013
0 0.3527244011581995 0.20350000000000001 0.013161358252171624 0.013
0 0.4199789418267965 0.650625 0.014477494077388787 0.01375
0 0.5172413793103449 0.7008749999999999 0.012108449591997894 0.01175
0 0.6347723085022374 0.659875 0.011845222426954462 0.01125
0 0.6505659384048434 0.672625 0.011845222426954462 0.01125
0 0.801921558304817 0.830875 0.011845222426954462 0.01125
0 0.796393787838905 0.77325 0.012371676757041327 0.012
0 0.7640168465385627 0.7216250000000001 0.012898131087128192 0.01225
0 0.761121347723085 0.611 0.014477494077388787 0.014
