0 0.12840627580511974 0.35312499999999997 0.020093586567575008 0.01825
0 0.15882191026699696 0.45325 0.02202036884117809 0.02
0 0.1930911092760804 0.465375 0.024497660335810623 0.02225
0 0.3001651527663088 0.456625 0.024497660335810623 0.02225
0 0.23479218276906139 0.28900000000000003 0.02202036884117809 0.02
0 0.2875034406826314 0.274625 0.024497660335810623 0.02225
0 0.2535094962840628 0.3655 0.02202036884117809 0.02
0 0.2093311312964492 0.3685 0.019543077346545555 0.015
0 0.2097440132122213 0.357 0.023121387283236993 0.015
0 0.2782824112303881 0.34400000000000003 0.02202036884117809 0.02
0 0.2797963115882191 0.323625 0.020093586567575008 0.01825
0 0.2950729424717864 0.31275000000000003 0.02202036884117809 0.02
0 0.32934214148086977 0.358875 0.024497660335810623 0.02225
0 0.3909991742361684 0.289125 0.024497660335810623 0.02225
0 0.40957886044591246 0.2445 0.02202036884117809 0.02
0 0.4816955684007707 0.24300000000000002 0.02202036884117809 0.02
0 0.5152766308835673 0.30425 0.02202036884117809 0.02
0 0.5244976603358107 0.280125 0.020093586567575008 0.01825
0 0.4441233140655106 0.342375 0.024497660335810623 0.02225
0 0.4254060005505092 0.386625 0.024497660335810623 0.02225
0 0.6001926782273603 0.165125 0.020093586567575008 0.01825
0 0.57046518029177 0.175375 0.020093586567575008 0.01825
0 0.5524360033030554 0.23500000000000001 0.02202036884117809 0.02
0 0.5707404349022847 0.24437499999999998 0.020093586567575008 0.01825
0 0.5626204238921002 0.272625 0.019267822736030827 0.01575
0 0.5661987338287916 0.263125 0.019267822736030827 0.01375
0 0.5576658409028351 0.52325 0.018166804293971925 0.0165
0 0.5606936416184971 0.54025 0.018166804293971925 0.0165
0 0.5198183319570603 0.582125 0.020093586567575008 0.01825
0 0.47619047619047616 0.56725 0.018166804293971925 0.0165
0 0.4571979080649601 0.58275 0.018166804293971925 0.0165
0 0.4500412881915772 0.5655 0.018166804293971925 0.0165
0 0.43724194880264244 0.562625 0.020093586567575008 0.01825
0 0.4025598678777869 0.719125 0.020093586567575008 0.01825
0 0.490916597853014 0.699875 0.020093586567575008 0.01825
0 0.5879438480594551 0.6735 0.02202036884117809 0.02
0 0.726259289843105 0.717875 0.020093586567575008 0.01825
0 0.794522433250757 0.673875 0.020093586567575008 0.01825
0 0.8077346545554639 0.622375 0.020093586567575008 0.01825
