0 0.6398678414096917 0.28225 0.016519823788546256 0.015
0 0.650330396475771 0.41075 0.016519823788546256 0.015
0 0.9041850220264317 0.505125 0.005506607929515419 0.01125
0 0.5079845814977973 0.374 0.01817180616740088 0.0165
0 0.5231277533039647 0.407 0.01817180616740088 0.0165
0 0.6060022026431718 0.486 0.016519823788546256 0.015
0 0.5918226872246696 0.497875 0.015693832599118943 0.01125
0 0.592511013215859 0.506375 0.016519823788546256 0.01125
0 0.5638766519823788 0.5279999999999999 0.016519823788546256 0.015
0 0.5243667400881057 0.528375 0.01238986784140969 0.01525
0 0.5130781938325991 0.527625 0.01238986784140969 0.01525
0 0.46558370044052866 0.513 0.01817180616740088 0.0165
0 0.4264867841409692 0.49274999999999997 0.01817180616740088 0.0165
0 0.39344713656387664 0.46525 0.01817180616740088 0.0165
0 0.375 0.45975 0.01817180616740088 0.0165
0 0.3284691629955947 0.4185 0.01817180616740088 0.0165
0 0.32626651982378857 0.37174999999999997 0.01817180616740088 0.0165
0 0.27340308370044053 0.3545 0.01817180616740088 0.0165
0 0.24862334801762115 0.33175 0.016519823788546256 0.015
0 0.23155286343612336 0.34500000000000003 0.016519823788546256 0.015
0 0.31938325991189426 0.304 0.01817180616740088 0.0165
0 0.4457599118942731 0.39825 0.014317180616740088 0.0165
0 0.4560848017621146 0.39675 0.01238986784140969 0.0175
0 0.450715859030837 0.55625 0.01817180616740088 0.0165
0 0.5465308370044053 0.568 0.016519823788546256 0.015
0 0.566216960352423 0.592625 0.0151431718061674 0.01375
0 0.5498348017621145 0.6359999999999999 0.016519823788546256 0.015
0 0.612885462555066 0.7182499999999999 0.016519823788546256 0.015
0 0.611784140969163 0.7615 0.016519823788546256 0.015
0 0.43667400881057267 0.7655 0.016519823788546256 0.015
0 0.3158039647577092 0.6862499999999999 0.016519823788546256 0.015
0 0.2988711453744493 0.670625 0.016795154185022025 0.01125
0 0.29639317180616737 0.661 0.016795154185022025 0.012
0 0.3436123348017621 0.6367499999999999 0.01817180616740088 0.0165
0 0.36921806167400884 0.6104999999999999 0.01817180616740088 0.0165
0 0.3213105726872247 0.5932499999999999 0.01817180616740088 0.0165
0 0.17538546255506607 0.7142499999999999 0.01817180616740088 0.0165
0 0.20512114537444934 0.6635 0.01817180616740088 0.0165
0 0.19575991189427314 0.6427499999999999 0.01817180616740088 0.0165
0 0.2282488986784141 0.6114999999999999 0.01817180616740088 0.0165
0 0.20704845814977973 0.60325 0.01817180616740088 0.0165
0 0.22026431718061673 0.54825 0.01817180616740088 0.0165
0 0.16216960352422907 0.53725 0.01817180616740088 0.0165
0 0.23540748898678415 0.51825 0.01817180616740088 0.0165
0 0.27780837004405284 0.522 0.01817180616740088 0.0165
0 0.2959801762114537 0.5325 0.01817180616740088 0.0165
0 0.2623898678414097 0.48674999999999996 0.01817180616740088 0.0165
0 0.11343612334801761 0.433 0.016519823788546256 0.015
