0 0.47516375545851525 0.13375 0.016375545851528384 0.015
0 0.48840065502183405 0.158125 0.019923580786026202 0.01825
0 0.42317139737991266 0.21512499999999998 0.019923580786026202 0.01825
0 0.27538209606986896 0.18975 0.016375545851528384 0.015
0 0.42248908296943233 0.30524999999999997 0.018013100436681223 0.0165
0 0.4634279475982533 0.33199999999999996 0.018013100436681223 0.0165
0 0.49454148471615716 0.30475 0.016375545851528384 0.015
0 0.5405294759825328 0.280375 0.019923580786026202 0.01825
0 0.765556768558952 0.25775 0.016375545851528384 0.015
0 0.8639465065502184 0.313125 0.01009825327510917 0.00925
0 0.8408842794759825 0.36775 0.016375545851528384 0.015
0 0.7169759825327511 0.37274999999999997 0.018013100436681223 0.0165
0 0.5513100436681223 0.322 0.016375545851528384 0.015
0 0.5259279475982532 0.33649999999999997 0.013646288209606987 0.0125
0 0.5313864628820961 0.3415 0.016375545851528384 0.015
0 0.5013646288209607 0.35625 0.016375545851528384 0.015
0 0.5296124454148472 0.371375 0.012281659388646287 0.00975
0 0.5296124454148472 0.376375 0.01118995633187773 0.01025
0 0.5428493449781658 0.372125 0.013646288209606987 0.01125
0 0.5416211790393014 0.38187499999999996 0.01009825327510917 0.00925
0 0.5511735807860262 0.38137499999999996 0.012281659388646287 0.01125
0 0.5358897379912664 0.393625 0.015010917030567686 0.01375
0 0.583788209606987 0.40175 0.016375545851528384 0.015
0 0.5491266375545851 0.4 0.013646288209606987 0.009
0 0.5515829694323143 0.40449999999999997 0.013646288209606987 0.0105
0 0.5588155021834061 0.413375 0.012281659388646287 0.01125
0 0.5522652838427947 0.41212499999999996 0.006823144104803494 0.00625
0 0.5492631004366813 0.418125 0.015010917030567686 0.01375
0 0.5477620087336245 0.43025 0.016375545851528384 0.015
0 0.4642467248908297 0.38375 0.018013100436681223 0.0165
0 0.6375545851528385 0.41025 0.018013100436681223 0.0165
0 0.732532751091703 0.435 0.018013100436681223 0.0165
0 0.6274563318777293 0.4615 0.016375545851528384 0.015
0 0.6288209606986899 0.4745 0.013646288209606987 0.0125
0 0.6086244541484717 0.488375 0.016375545851528384 0.01525
0 0.6090338427947598 0.513625 0.015010917030567686 0.01375
0 0.6563864628820961 0.495 0.016375545851528384 0.015
0 0.6711244541484715 0.508 0.013646288209606987 0.0115
0 0.6700327510917031 0.5197499999999999 0.016375545851528384 0.015
0 0.742221615720524 0.476875 0.019923580786026202 0.01825
0 0.7838427947598253 0.46875 0.018013100436681223 0.0165
0 0.6995087336244542 0.56875 0.018013100436681223 0.0165
0 0.6441048034934498 0.5625 0.016375545851528384 0.015
0 0.6150382096069869 0.545875 0.015010917030567686 0.01375
0 0.619268558951965 0.56225 0.013646288209606987 0.0125
0 0.6267740174672489 0.573375 0.015010917030567686 0.01375
0 0.5652292576419214 0.5402499999999999 0.016375545851528384 0.015
0 0.5206058951965066 0.504875 0.015010917030567686 0.01375
0 0.506004366812227 0.494 0.016375545851528384 0.015
0 0.5110534934497816 0.5041249999999999 0.008460698689956333 0.00775
0 0.417985807860262 0.47037500000000004 0.015010917030567686 0.01375
0 0.3646288209606987 0.45899999999999996 0.018013100436681223 0.0165
0 0.41184497816593885 0.49275 0.016375545851528384 0.015
0 0.44418668122270744 0.497875 0.012281659388646287 0.01125
0 0.5483078602620087 0.5655 0.013646288209606987 0.0125
0 0.42248908296943233 0.56375 0.018013100436681223 0.0165
0 0.5655021834061136 0.6389999999999999 0.016375545851528384 0.015
0 0.576146288209607 0.65125 0.018013100436681223 0.0165
0 0.5545851528384279 0.6835 0.018013100436681223 0.0165
0 0.5788755458515285 0.6925 0.016375545851528384 0.015
0 0.597707423580786 0.703 0.018013100436681223 0.0165
