0 0.10242290748898678 0.60825 0.013766519823788546 0.0125
0 0.10903083700440529 0.617 0.013766519823788546 0.0125
0 0.24476872246696035 0.54025 0.013766519823788546 0.0125
0 0.261976872246696 0.539125 0.01238986784140969 0.01125
0 0.2599118942731277 0.5485 0.013766519823788546 0.0125
0 0.28606828193832595 0.5195 0.013766519823788546 0.0125
0 0.22053964757709252 0.488 0.013766519823788546 0.0125
0 0.21338105726872247 0.47524999999999995 0.013766519823788546 0.0125
0 0.1913546255506608 0.47624999999999995 0.013766519823788546 0.0125
0 0.29955947136563876 0.49974999999999997 0.013766519823788546 0.0125
0 0.28992290748898675 0.47874999999999995 0.013766519823788546 0.0125
0 0.26459251101321585 0.44949999999999996 0.013766519823788546 0.0125
0 0.28248898678414097 0.44075 0.013766519823788546 0.0125
0 0.3001101321585903 0.427 0.013766519823788546 0.0125
0 0.28248898678414097 0.4185 0.013766519823788546 0.0125
0 0.31965859030837 0.41924999999999996 0.013766519823788546 0.0125
0 0.3131883259911894 0.44487499999999996 0.011288546255506607 0.01025
0 0.3065803964757709 0.44437499999999996 0.011288546255506607 0.01025
0 0.1685022026431718 0.37174999999999997 0.013766519823788546 0.0125
0 0.3056167400881057 0.39225 0.013766519823788546 0.0125
0 0.32874449339207046 0.39549999999999996 0.013766519823788546 0.0125
0 0.2610132158590308 0.32799999999999996 0.013766519823788546 0.0125
0 0.30341409691629956 0.306 0.013766519823788546 0.0125
0 0.2263215859030837 0.27449999999999997 0.013766519823788546 0.0125
0 0.21448237885462557 0.28475 0.013766519823788546 0.0125
0 0.3202092511013216 0.35374999999999995 0.013766519823788546 0.0125
0 0.3602698237885463 0.349125 0.0151431718061674 0.01375
0 0.331773127753304 0.3655 0.013766519823788546 0.0125
0 0.34416299559471364 0.371 0.013766519823788546 0.0125
0 0.3560022026431718 0.3765 0.013766519823788546 0.0125
0 0.36040748898678415 0.38699999999999996 0.013766519823788546 0.0125
0 0.38738986784140966 0.38399999999999995 0.013766519823788546 0.0125
0 0.41106828193832595 0.364 0.013766519823788546 0.0125
0 0.4267621145374449 0.39099999999999996 0.013766519823788546 0.0125
0 0.44878854625550657 0.4285 0.013766519823788546 0.0125
0 0.4793502202643172 0.4095 0.013766519823788546 0.0125
0 0.48045154185022027 0.39749999999999996 0.013766519823788546 0.0125
0 0.44534691629955947 0.47475 0.01183920704845815 0.0125
0 0.4551211453744493 0.474 0.013766519823788546 0.0125
0 0.3890418502202643 0.5535 0.013766519823788546 0.0125
0 0.41368392070484583 0.551375 0.0151431718061674 0.01375
0 0.45539647577092507 0.5569999999999999 0.013766519823788546 0.0125
0 0.43337004405286345 0.57975 0.013766519823788546 0.0125
0 0.47962555066079293 0.5549999999999999 0.013766519823788546 0.0125
0 0.36949339207048454 0.314 0.013766519823788546 0.0125
0 0.33851872246696035 0.311375 0.01238986784140969 0.01125
0 0.3370044052863436 0.3055 0.013766519823788546 0.0125
0 0.378579295154185 0.2935 0.013766519823788546 0.0125
0 0.37747797356828194 0.27849999999999997 0.013766519823788546 0.0125
0 0.36040748898678415 0.22125 0.013766519823788546 0.0125
0 0.41767621145374445 0.2535 0.013766519823788546 0.0125
0 0.39014317180616737 0.19825 0.013766519823788546 0.0125
0 0.37321035242290745 0.195625 0.011288546255506607 0.01025
0 0.3704570484581498 0.189125 0.010187224669603524 0.00925
0 0.4478248898678414 0.240375 0.0151431718061674 0.01375
0 0.463931718061674 0.1925 0.013766519823788546 0.0125
0 0.48127753303964754 0.1695 0.013766519823788546 0.0125
0 0.39234581497797355 0.32599999999999996 0.013766519823788546 0.0125
0 0.40335903083700436 0.32975 0.013766519823788546 0.0125
0 0.43240638766519823 0.29912500000000003 0.0151431718061674 0.01375
0 0.4606277533039647 0.283 0.013766519823788546 0.0125
0 0.45649779735682816 0.26349999999999996 0.013766519823788546 0.0125
0 0.5344162995594715 0.3115 0.013766519823788546 0.0125
0 0.5129405286343612 0.37224999999999997 0.013766519823788546 0.0125
0 0.5118392070484581 0.361875 0.012665198237885462 0.00925
0 0.5100495594713657 0.35612499999999997 0.014041850220264317 0.01125
0 0.5777808370044053 0.369375 0.0151431718061674 0.01375
0 0.6134361233480177 0.36374999999999996 0.013766519823788546 0.0125
0 0.6415198237885463 0.37274999999999997 0.013766519823788546 0.0125
0 0.6668502202643172 0.38 0.013766519823788546 0.0125
0 0.5143171806167401 0.2195 0.013766519823788546 0.0125
0 0.5269823788546256 0.22475 0.013766519823788546 0.0125
0 0.5536894273127754 0.2025 0.013766519823788546 0.0125
0 0.5641519823788547 0.2185 0.013766519823788546 0.0125
0 0.6450991189427313 0.2295 0.013766519823788546 0.0125
0 0.6024229074889869 0.2495 0.013766519823788546 0.0125
0 0.6172907488986784 0.25625 0.013766519823788546 0.0125
0 0.5889317180616741 0.2445 0.013766519823788546 0.0125
0 0.5678689427312775 0.236625 0.01238986784140969 0.01125
0 0.5717235682819383 0.238125 0.011288546255506607 0.01025
0 0.5791574889867841 0.24087499999999998 0.011288546255506607 0.01025
0 0.8499449339207049 0.574 0.013766519823788546 0.0125
0 0.8408590308370044 0.58275 0.013766519823788546 0.0125
0 0.5377202643171807 0.6515 0.013766519823788546 0.0125
0 0.6227973568281939 0.6615 0.013766519823788546 0.0125
0 0.644273127753304 0.64325 0.013766519823788546 0.0125
0 0.6693281938325991 0.6355 0.013766519823788546 0.0125
0 0.6576266519823788 0.6298750000000001 0.011288546255506607 0.01025
0 0.6518447136563876 0.635125 0.011288546255506607 0.01025
0 0.7973568281938327 0.67575 0.013766519823788546 0.0125
0 0.7903359030837004 0.685625 0.011288546255506607 0.01025
0 0.7862059471365639 0.690375 0.010187224669603524 0.00925
0 0.7845539647577092 0.695875 0.011288546255506607 0.01025
0 0.6263766519823789 0.7235 0.013766519823788546 0.0125
0 0.5759911894273129 0.68825 0.013766519823788546 0.0125
0 0.7118667400881057 0.773875 0.01238986784140969 0.01125
0 0.1952092511013216 0.69225 0.013766519823788546 0.0125
0 0.19823788546255508 0.73275 0.013766519823788546 0.0125
0 0.20236784140969163 0.7555 0.013766519823788546 0.0125
0 0.21062775330396477 0.784 0.013766519823788546 0.0125
0 0.2637665198237885 0.813 0.013766519823788546 0.0125
0 0.5152808370044052 0.735875 0.01238986784140969 0.01125
0 0.49380506607929514 0.761875 0.01238986784140969 0.01125
0 0.48444383259911894 0.767125 0.01238986784140969 0.01125
0 0.4998623348017621 0.784875 0.01238986784140969 0.01125
0 0.4877477973568282 0.813875 0.01238986784140969 0.01125
0 0.4518171806167401 0.8272499999999999 0.013766519823788546 0.0125
0 0.5053689427312775 0.825375 0.01238986784140969 0.01125
0 0.5196861233480176 0.804625 0.01238986784140969 0.01125
0 0.5362059471365639 0.809125 0.01238986784140969 0.01125
0 0.523953744493392 0.8125 0.009361233480176211 0.0085
0 0.5161068281938326 0.814375 0.01238986784140969 0.01125
0 0.5598843612334802 0.827375 0.01238986784140969 0.01125
0 0.5563050660792951 0.840875 0.01238986784140969 0.01125
0 0.5915473568281938 0.838375 0.01238986784140969 0.01125
0 0.597329295154185 0.821375 0.01238986784140969 0.01125
0 0.5560297356828193 0.759875 0.01238986784140969 0.01125
0 0.5452918502202643 0.773625 0.011288546255506607 0.01025
0 0.549146475770925 0.784125 0.01238986784140969 0.01125
0 0.5351046255506607 0.7681250000000001 0.011288546255506607 0.01025
0 0.520512114537445 0.755625 0.011288546255506607 0.01025
0 0.5279460352422908 0.755375 0.010187224669603524 0.00925
0 0.5232654185022027 0.771375 0.011288546255506607 0.01025
0 0.5210627753303965 0.783375 0.010187224669603524 0.00925
0 0.5242290748898679 0.7785 0.009361233480176211 0.0085
0 0.532351321585903 0.784375 0.01238986784140969 0.01125
